003013
004744
006342
001767
000042
007182
005402
004200
007118
004833
006248
005866
004827
004032
001296
004153
000118
006264
007221
003633
004083
003933
004745
006911
002947
005118
006543
003363
000636
000946
001925
004910
004248
004689
001658
003492
000111
000093
006964
000254
006715
001945
000502
006173
006082
007412
001021
001237
006495
003276
000959
000018
000551
001712
003521
001869
003215
000819
003113
000346
003754
001101
003530
003415
002391
002081
006475
003535
005112
001978
005444
004273
007415
003237
002357
006829
005068
002665
001445
007179
003836
003758
000650
006315
000854
003139
003914
001182
005075
000826
004909
001684
007029
000998
001705
000332
005174
005811
002018
001508
002631
001011
006109
002678
000229
004418
001795
006766
003690
000323
000341
002720
004411
004979
007465
005873
006282
003157
002361
005910
000379
003641
000289
001940
006225
003156
002114
002913
006658
004239
001426
004866
006883
003302
004441
000550
004626
003816
003396
003133
000198
005865
000277
004956
007213
005715
002092
006088
007318
003278
000339
001535
004645
001243
003001
006229
004179
001683
007043
006104
001919
003306
004823
005608
007049
002825
007295
007130
001531
004828
000571
002230
000716
007437
001461
003551
003514
005242
005807
004056
001162
004796
004319
003577
004506
001855
002379
000099
005986
001827
001392
007139
002091
006853
003627
003211
003486
003232
006457
002928
006524
005010
002581
006889
003495
004985
005327
004064
006872
001165
002282
000334
004217
003566
005254
004590
004149
004084
000483
003003
001959
002305
000361
005582
001226
005523
005849
003314
001319
006040
005510
006711
007096
003083
000322
004317
000095
006551
006265
006869
000501
005646
002934
005704
006682
004011
003509
003220
006865
001281
001060
005164
002891
006902
003048
000487
003125
003285
007042
005555
003393
003178
002510
001347
001077
000463
001104
000595
004615
004616
006619
000873
006770
004929
002190
001822
006730
002984
001245
003046
007369
002155
006574
005630
002572
006586
001276
001200
004403
004661
004466
006809
003042
005239
005872
002134
002038
006038
000170
001987
000203
001686
007121
000202
002129
006036
004839
003792
000949
006187
002388
006405
001306
003872
002368
005149
007443
000085
003142
006973
006743
000540
001195
001850
002396
003159
004914
002828
000605
000906
002258
006907
006413
005133
004170
000723
006437
000542
003017
003752
003475
005725
006529
006987
004215
007238
003129
004286
005334
007396
004284
000351
002419
003580
000875
002785
004081
007008
006011
002344
004738
000497
003228
003058
000048
002809
003586
005276
003189
006570
000788
003728
004586
005016
001746
005874
004525
001148
006219
003973
001671
006478
006231
001801
002259
002871
002823
000748
007026
001853
007267
007200
007367
007406
003896
000310
006580
002377
003830
004633
000117
006637
007056
003505
005516
007453
004553
006600
006316
002124
006297
000760
002325
001501
007345
006400
004166
000015
001704
003846
004574
007379
005809
004040
004735
000704
002353
002201
002278
003984
006851
002317
004964
006077
006241
007071
001618
003975
004406
003200
004682
004459
000892
003916
004921
002168
005187
002987
001313
006954
001463
002563
000369
006590
001849
007273
005191
000171
001640
005440
006818
006296
002834
002940
004715
002385
001247
001472
003698
004135
002547
002613
004460
003007
005153
006071
004924
001131
005270
007018
000658
004354
003673
005431
005381
004341
001810
002011
004391
003347
005471
007234
000155
005654
006232
000500
007167
006926
005984
003385
000271
003968
004256
001045
002025
000868
001082
006549
004614
000956
007204
005538
001623
006489
003688
000883
002472
001745
000936
000555
007394
001483
002446
002853
000768
005386
003359
002619
005290
005264
004295
005064
006948
004424
003409
000799
000219
005649
000410
002115
006535
006268
005314
001916
003301
005929
001095
000046
004706
002221
004772
005285
001876
003662
002219
006070
003055
007404
003925
000448
005117
004297
001186
007152
004107
004582
007224
007019
006980
001877
000068
007201
000813
003708
005909
001938
005853
004904
006511
000843
004321
001747
000777
003612
000285
000127
003298
002312
003516
006403
006505
001363
004893
002333
006884
000916
004386
007128
005220
001236
003701
006858
003107
005545
004331
001194
000611
001359
002628
005603
003606
006745
007020
002768
005831
006356
006488
003172
007334
000330
004799
005258
005043
002290
005507
001717
000625
000147
007044
002793
007317
004212
007027
006243
006220
002451
005788
002014
000363
006724
006492
000802
004288
006577
002930
002985
006810
004832
006528
002649
005196
004055
001450
003964
003425
003322
006508
007196
004555
003871
000896
004766
005271
004685
005882
006323
000471
002535
001844
005497
002466
000275
004787
000245
007374
006956
005548
002998
007127
001115
006698
002558
005321
003088
006456
006923
004512
003646
001991
000216
002807
006442
004729
001633
001624
004048
001480
006343
002791
004629
000617
003388
003471
005323
003474
001263
005028
005764
006313
003075
000731
001133
002688
002980
000044
001030
003401
002336
002186
000462
003179
001173
002042
005864
000613
000238
001895
005094
006331
005557
003682
005912
006582
005840
003665
000386
003197
002242
007421
005366
004124
006603
002576
000089
001848
004027
003813
004746
001612
000653
002386
002417
001459
005773
003887
006148
003141
001049
005595
002216
006374
007366
003832
004770
004611
004603
006579
004993
003375
005390
000610
000872
002673
000565
002915
000162
006512
005467
003924
000012
004779
002642
000732
001888
003462
003706
000735
007461
003065
005857
002839
005939
003549
005625
001202
004425
005549
004448
003687
006468
001193
001125
000700
006846
001405
004304
004511
000762
005815
000558
006744
000792
006840
005015
004637
003519
004196
003338
006700
002139
006169
006496
006300
001569
000741
007079
004630
004108
003184
004943
004812
005561
003101
003240
004169
001435
004182
001371
001429
000795
001484
000785
002950
001630
005002
001137
002744
000651
003958
004201
003511
002833
001840
005791
006867
000972
006421
001622
004640
004336
004332
001455
004669
002869
001784
003395
002565
003111
006003
000525
004185
007248
006254
004983
007472
005097
004635
001536
003428
003695
002775
002782
004216
000479
003229
006055
004698
006491
004374
000764
001157
006162
006256
000800
003084
001481
001997
006844
003785
001644
005272
006827
002238
003362
002263
001385
004693
007163
001847
007134
007414
002752
003018
003891
001393
005137
004819
007368
000713
006001
004220
001168
004194
004366
004622
000017
001631
005353
003023
006084
002356
000582
001416
001837
006826
000820
006186
005328
000488
005671
002838
005693
002734
001962
004757
000135
001295
002458
006940
002870
000373
007141
001307
005369
005403
002040
000391
002101
007445
003473
003626
006631
005339
003231
004519
005041
003765
006615
003886
003955
005859
005453
007197
006196
000811
006255
004572
001951
006780
005376
001064
002212
005702
002936
002138
002363
006499
004927
004202
002341
006060
005087
006713
005364
003479
003132
006136
002074
004769
003095
002514
001311
004377
001583
001446
002954
001643
002925
005111
006605
004699
002028
002716
002977
006832
004070
004431
002260
001534
004560
006235
006444
002245
003009
004314
002133
006279
005211
000742
005427
001664
003583
004644
004751
005553
002596
004018
005438
001046
000693
007055
000122
001894
004120
005858
006760
007122
006428
006080
005476
005198
001016
006773
005011
002681
005617
007240
004712
002470
005901
000692
004793
001726
006464
007245
000638
005753
001843
002279
007038
007247
002644
004920
006465
004880
004550
000809
005443
007161
006414
002433
003274
000404
001711
000080
007312
003035
005308
002901
007268
000123
006571
004264
000808
002006
004030
000186
003143
006856
000392
000953
001198
004235
003895
007184
001549
003251
001150
003064
000964
003995
001579
006327
002308
002176
005870
000179
003166
005855
001299
000888
001617
001117
003275
006078
000437
001210
003802
001225
002151
000357
006177
000146
002616
002339
007302
007005
000687
006567
003844
000902
001436
000739
000848
002933
000374
006768
005623
007363
001533
002149
004396
004840
000325
005944
001688
003980
000172
004992
002538
006877
002883
000490
006433
001498
003170
006366
000705
001564
002436
004800
005215
002369
005663
003097
001417
000144
004422
006909
001278
004175
005770
001546
002577
001551
003496
004884
004415
005249
002285
000626
001340
004554
004775
005009
003086
004518
006648
003394
004173
006863
002322
000268
000300
004791
004075
007397
006000
006290
001356
000480
003598
004671
005572
001942
001937
000665
005238
007458
001695
001896
005116
001934
001652
000065
004694
005505
001779
003939
000383
005096
000850
003725
002125
005355
000924
003114
002844
003335
004129
005983
006638
001038
004556
002046
005101
003051
002859
005069
000829
005977
003513
001578
004792
001675
004774
003960
004970
000458
004119
000052
001506
002085
006052
006729
003759
007249
002516
004680
000453
006765
006010
001661
001852
002731
003293
006726
006180
001646
006118
002435
005360
000037
002555
004975
005612
001119
000452
000588
001874
006943
000609
004301
005449
006385
002753
006409
002722
000393
003744
005737
000837
005719
002692
000169
005396
001935
005720
001915
000576
004436
001054
003343
000297
002172
004576
001807
003272
004954
003138
003735
000971
004022
006165
007446
006079
004122
001723
002481
007124
000814
006969
002340
006420
004919
001741
005544
001315
005452
001159
002440
006159
006293
002171
000014
001755
001537
002561
002217
004588
005177
007393
001976
004180
003244
005468
005827
005056
000561
000329
003126
003216
006960
004388
001539
005813
002714
000559
006211
005856
001857
006463
005474
004952
003263
002848
002180
001788
004290
003764
005487
005923
001403
001367
005384
005387
001087
003422
007478
000948
002812
003657
007078
003697
007208
003412
004003
004232
006769
002370
001401
003167
002580
006595
006746
006714
005581
000475
003488
007031
005925
003550
006761
002819
001961
002471
002748
004318
006439
005141
005790
005237
004329
000675
000316
005922
006247
006985
007338
006723
006833
000765
006452
007209
002609
001818
000861
001826
000572
002713
003356
001885
006497
003558
007136
002914
002185
000870
003186
003538
007339
004926
005460
002264
002789
003594
007069
000076
000434
002691
005357
000805
001914
000112
003710
001893
003366
002253
004804
000684
004860
003458
004947
007107
004335
003808
003783
006915
004397
001553
000072
000253
003845
004490
000387
001528
000231
007235
007092
003809
002754
001132
007289
002656
003622
001103
004097
004405
000010
000927
000378
004271
001797
005214
006476
005222
006823
005275
001764
005262
003372
003936
004567
000632
000056
000512
004709
003344
002646
005216
001527
006633
003901
001763
003691
005565
007389
004481
001653
001488
001465
006205
000963
006320
002604
006048
003539
005796
007365
000974
000727
002851
003459
006401
004402
002060
004057
007337
005426
005454
005530
004658
007243
005481
003120
004593
005521
003364
000023
000412
001693
003655
000594
002372
003191
002508
001499
005416
005743
005058
003711
001222
006887
005241
003381
004505
000433
002517
004821
007316
006958
001649
006110
004938
006189
002991
005132
002826
000419
004477
000853
007144
003477
000326
001149
006191
006377
007174
005542
005169
004897
006438
006759
007103
003840
004836
001808
000919
001108
002231
006391
003678
004825
007326
000004
001292
005288
001063
004413
001667
000745
006702
001990
003915
006650
004981
006102
007252
000975
006236
007239
001399
005566
003556
005162
002973
006965
002961
000274
003815
004134
003096
006731
004641
006307
005948
006910
002328
007284
005093
002699
006345
005691
002968
005204
005313
003106
004969
003600
002473
003818
006399
004906
004499
001975
001543
007100
000712
004668
006023
001806
003753
005536
005833
003876
001812
002521
002751
007227
002759
001821
005996
006224
001824
000311
000652
004326
002141
000165
006123
001223
002224
006583
001485
004917
002505
000522
003601
003952
001264
000496
006847
005520
003377
003484
002532
002398
005484
005714
003993
000756
005461
001813
000817
006794
005592
003498
000749
007086
007355
005532
006879
004934
006483
006689
006946
002318
004142
006544
002175
004837
006281
003522
005062
006696
003930
001952
000296
000928
006350
004117
007242
000142
006906
001616
004826
003855
001175
003999
004898
004908
005675
005501
002771
005077
006407
003050
005762
000886
002800
002588
001257
002502
006929
001637
001058
006791
006330
004161
006559
006972
003619
000264
003948
005025
006477
000143
000708
005098
006859
006168
004086
005615
004191
001373
001714
005039
003642
005326
002488
002188
002873
003562
000702
004453
004515
006260
006143
006092
000447
000494
002603
002147
001565
003537
000553
005776
003650
000451
007455
000411
006436
002170
005434
001326
005082
006470
004759
003608
001751
006450
002530
003391
004747
007081
004487
000016
004835
004670
002742
001062
006893
003163
001744
005575
004046
001008
004447
001613
002082
002632
002229
005588
001924
001418
003203
005860
004752
003910
002464
007335
007014
005298
005750
000988
006358
000237
001366
001603
001078
006854
007262
004104
006273
006838
001490
005362
003884
004480
004187
005861
006990
002454
007342
000270
005619
004157
005331
004127
006918
002102
003810
004139
006961
005047
002966
001241
004563
005080
002455
000537
000235
002909
006501
005631
004496
002083
000260
001803
000492
005336
001718
000719
006546
004419
004254
000750
000350
001052
002803
002835
001625
001525
003502
000399
003224
000191
000421
005114
003506
005666
004737
003168
004381
005148
002866
004708
007022
003136
004150
005181
006301
001383
003563
003149
006116
002989
002885
006459
001685
006097
004781
004456
007030
002486
001917
005718
001931
001410
002140
003397
004263
000413
001216
003660
006642
001462
002569
006386
006291
001305
003529
006175
005528
006687
006083
005739
000992
005618
006998
007183
007301
002706
001873
001828
005125
005721
002461
003545
002924
004257
000761
000725
004218
003030
002797
005163
004267
002658
005312
007119
003736
003155
003250
003602
001229
000273
005700
002007
001532
002542
003485
003750
002362
000722
000815
004617
002715
005633
005634
004585
005138
002397
006287
006932
006836
003689
006825
001032
002467
000794
007193
003643
007287
003987
001267
005573
006996
004409
005774
003812
005621
000087
005814
005905
006845
000985
002638
006953
005968
000583
006568
002647
006119
004822
000592
001390
003740
004493
003206
006203
002672
007306
000106
005928
006636
002779
001355
003320
005268
000267
004894
002420
006379
003040
005580
001471
002477
005373
005891
004784
005892
000567
007125
006984
004359
005299
005226
006150
000001
001387
004534
001969
004968
005029
003493
002526
007171
005682
001270
004565
005965
004360
001600
004647
005343
002096
003722
007424
000009
000615
001794
000067
006530
003429
002626
007263
004007
002583
007007
007203
002690
003676
003528
004867
002574
007265
003195
004982
003534
001628
001737
002519
004349
003433
004420
003341
007142
001897
002607
006635
006971
002911
005337
005729
006525
001320
005374
001318
006933
006649
000771
002113
000908
006968
002666
004193
007292
002755
000560
000940
006139
006390
004944
004886
003361
001950
005282
001956
006008
002189
007475
002702
003005
006995
006138
002679
001690
002703
005086
006738
001774
005959
004997
005900
004541
004842
001172
006473
001442
006100
000222
002919
003442
003466
000295
004454
006277
004863
006613
006295
003664
005676
000051
004510
005378
000454
005127
000472
001972
007046
000513
004838
004748
006703
004148
003148
000527
001138
004659
003238
004045
000562
005518
002032
001266
000248
000071
005987
002135
001992
004010
001013
003150
001447
002347
001986
001047
002725
003574
007185
005728
006842
007435
001672
001891
003681
006728
004095
000366
001139
000830
000757
005838
005348
000331
001926
004991
005709
003934
002986
006072
007328
004730
006198
006888
000328
004278
007350
005886
005529
002747
002822
006978
006418
005170
005780
007192
001880
006184
000482
004227
003791
003616
003091
000694
005824
004303
003311
000597
006822
005680
003299
001988
007313
001588
001321
007371
005756
005638
004334
000256
007457
006660
006166
006789
001522
004971
006133
004277
005690
001663
005382
000353
004999
006012
003390
004379
001154
004591
002319
001523
003979
001965
002587
000733
006864
003864
002935
004210
006507
007101
006895
002910
003788
000105
000468
002126
004734
005103
006944
001412
002315
001673
004171
003548
004236
004902
000917
001158
005519
005245
001211
001350
002579
006422
005598
007006
004065
003645
006474
006670
003440
006328
005104
000914
002052
003767
000422
000937
002266
005932
000319
006427
000879
000966
001738
004652
006176
007094
007323
005506
003368
005377
001262
003589
002104
007146
001607
000929
006352
005189
002432
001839
003898
004936
004430
005053
006410
005074
007016
006338
006625
006153
002381
005102
004657
000755
000569
000225
000787
004206
003917
003949
004654
002284
002652
004957
003434
002721
004358
006108
002421
007352
000481
005469
003950
004002
005938
003869
002662
004017
000159
003850
001756
005159
002653
006614
002560
001577
003207
006261
004382
003384
002661
007348
002704
001928
001341
006520
004311
006870
000751
006667
000380
005837
006250
003192
005569
007279
004673
005971
004300
005280
006852
006500
003865
000933
005447
004061
004643
002802
003074
006160
005995
002405
005147
006841
004561
000033
004394
003222
006396
004101
001906
002280
000867
002992
000114
002663
005848
006813
003004
004265
003480
001070
004965
005413
001218
005652
000438
007132
006801
005917
006288
005428
006569
002331
004408
003219
003679
004285
004204
004035
003880
004274
005681
005868
001854
002106
005602
003719
004031
001921
000047
001621
000097
004223
007206
002818
003822
002960
000138
004275
004214
006245
000134
003253
002664
004581
002548
004776
000593
004407
002351
006090
002615
002847
002946
001505
001291
001111
002003
003494
006156
004557
005490
001742
003666
000601
006309
000877
002475
002584
002389
001076
002953
001308
000405
002506
002537
003286
001050
002760
003900
002480
003581
004960
000160
000737
007003
003745
003465
005277
000541
001674
006238
006280
001715
000669
003112
005027
002895
003653
003897
005046
002375
005967
004209
003214
000630
003337
004155
007373
001389
001870
001856
007359
001023
005448
006616
003729
000307
003814
003029
004291
002110
004181
006557
003894
007390
001398
002749
005579
003651
004473
006628
001128
003806
000388
004539
000935
000980
004517
001230
004433
002094
002206
002874
003702
002894
003851
000659
007329
002683
006627
000874
006007
004387
006094
004876
006684
006785
000508
003464
000255
004121
004435
002425
004207
005407
005356
006717
001766
003552
005732
002292
003146
000967
000449
002012
003994
007151
002173
005734
005571
005190
005650
002557
000510
000977
005945
006604
004963
004923
005767
002257
000618
005232
007250
000128
006540
002846
003071
005775
003093
002005
002154
004665
001207
001830
003438
000729
003260
007218
002831
003525
000968
003977
006999
002177
004414
004864
000715
006924
000432
004340
004245
006344
003873
004542
000939
007002
006663
005751
005400
004513
002000
000752
006848
003419
001681
004857
000798
001780
001171
005246
004371
005143
001890
001530
005113
000944
006542
006417
002951
002444
002434
000773
006874
003310
003769
005881
005795
004621
002380
007286
000984
005936
005871
003453
002302
005635
006758
001517
003527
000064
003470
001753
006498
001035
005251
004877
003282
006141
006733
003318
004714
006908
005171
007180
005071
000382
003739
006989
004113
003259
005195
005787
006737
006253
001699
004683
003015
003020
004330
005256
003151
000163
002965
006857
004177
002571
007088
006762
000223
007331
002697
003025
005013
005738
007364
007104
004684
003227
000585
001094
005283
001743
001752
004322
002543
005368
002355
003544
003663
007195
002573
000208
002349
005511
002209
003554
005667
003794
005391
003386
001065
002459
004533
000220
001439
000965
002166
002815
005935
006059
004384
000397
001759
001841
001765
000139
002525
003230
003630
006106
005048
004899
006952
003482
001929
007449
000993
006562
006276
003919
006419
001682
003353
004978
004195
005763
001352
006815
006736
000218
006805
003652
000864
000519
002067
004006
007377
007464
007473
000150
003323
001842
001999
005344
000797
003294
001015
001814
001576
002944
005166
006024
003906
002533
000286
004338
006064
003718
004913
001572
007391
000515
005273
004315
006798
002595
006339
001301
006210
004691
000060
000514
001641
004718
007281
002527
002073
004039
002740
001100
002241
004313
004649
007410
005913
002939
003417
001246
004639
002850
003319
004094
004896
006741
007189
003782
002037
002546
005916
003217
002761
000092
006469
001979
000364
006913
001556
006950
002694
001651
006122
004631
006771
000772
005300
003497
007137
005076
003043
003201
004855
001080
000753
000086
000445
005088
001213
007109
005752
007257
003108
005706
002086
006565
005049
002015
002066
004677
001467
006673
002964
005065
003781
007392
001696
006239
000857
002393
001310
007149
006897
002301
000643
007164
003047
000081
000230
001634
005926
005263
003008
000251
001776
001510
006370
005265
000599
000503
005803
003154
003959
003235
002427
005412
005786
004020
006423
000168
006286
001083
004875
000533
001608
002021
002248
001516
007356
000899
005552
003654
004051
001507
000166
006032
000747
000506
003410
000177
006172
004596
007314
000661
000484
003027
001627
002373
006127
000871
003336
000124
001709
004989
006939
000489
003369
002465
000691
000132
000918
004995
001199
000699
004736
004137
005044
000832
007360
003418
004213
006782
003317
005297
004663
006157
005759
006289
007274
005810
001933
000679
001851
001003
005482
004810
003714
003152
006527
003169
005194
003639
003501
006710
001081
004328
006208
000192
002520
007420
001378
004998
001316
002304
001861
001290
001053
003056
001660
000657
003807
005354
000281
006681
001368
007194
006800
000249
003508
002707
003447
000184
000342
007236
002814
000344
007309
001648
002157
006756
000333
001334
006481
004244
001596
003878
005235
004037
005325
005949
003757
002764
000590
003037
003931
004198
003354
000942
003225
002540
002932
006925
004062
005134
007041
000891
002205
005525
001280
001457
000200
003137
000600
006432
005057
004501
003944
004742
006796
002598
002150
004000
002501
003611
002070
006163
006626
004722
004625
000197
003644
003404
006992
005893
007210
005950
006790
006447
005063
004479
004475
005908
002448
000836
003730
004522
000149
006134
002123
002988
001728
000631
006655
006691
000796
005640
006991
005158
006623
005963
006645
003036
000685
005338
000840
003857
003723
005455
001963
006484
005991
002559
005210
002182
000846
000145
005248
001414
007129
005903
001093
006041
000686
005998
002717
005695
004296
004472
007168
002097
004809
001039
006788
001538
000804
001892
005322
006777
002623
006395
005126
006588
004504
001691
003033
005839
003715
005024
005488
001907
003800
002281
001977
001391
004874
004726
004074
005498
003668
004383
000847
004404
005692
004753
003283
001871
003256
006828
003289
007357
000098
006937
007229
005568
004259
005217
003371
005558
003614
000869
006004
005979
005703
007070
000535
002864
001464
005067
000666
001889
002210
005988
002556
001730
000038
000120
003692
002634
001004
005748
001456
006426
004562
001143
006389
002161
003124
003450
004197
006217
007422
006523
003160
006886
003963
000370
004069
007254
001760
006561
003340
001470
005475
006545
004987
006609
003935
003351
003147
004577
000236
001251
002867
002450
001396
007226
004186
007375
006639
005168
000878
004824
006249
003300
002843
004702
002298
003921
003716
005921
002452
001184
003309
004758
003776
007012
000027
006178
001964
001798
001770
001252
006367
001504
004392
005927
005430
001420
002599
004140
005155
001056
007439
003956
003441
006643
002252
003431
001518
006904
003199
006578
007205
006066
003553
002045
004365
003416
005274
000178
006318
006504
004701
001719
002225
002943
005620
004830
002181
002600
007052
004690
001875
001687
000602
002487
005092
005658
006779
000758
004416
004928
006651
004806
003929
006503
001027
005645
002650
006629
001676
004966
000372
005727
002010
006624
002923
001762
004443
000301
001727
006154
006876
001330
005119
000276
001413
003943
004532
000394
006668
002794
004623
006272
006121
002738
005517
001602
000137
001701
006993
003854
004648
001404
005512
004537
003996
005160
002627
003382
003976
003507
001140
000110
000596
002817
001303
003775
000429
004851
003966
002492
000893
005253
005070
007135
006564
007015
003720
006034
005733
000226
006680
005203
003841
000743
001930
004132
006340
004312
002668
001707
004808
002291
006533
007098
002849
004042
005309
006144
000970
001454
005642
000345
006262
002840
002309
007255
002536
000073
004713
007416
004911
001754
004675
002160
000538
002338
006792
000591
000348
005294
002254
006942
004602
007429
000125
002552
005380
000457
003991
001554
000104
001136
004105
003304
005674
000284
003140
000059
005562
003016
002645
002531
005436
004283
002821
003599
000554
005375
005278
000409
007047
007353
006363
006449
005629
006467
003210
005688
006587
007113
000876
001269
004184
001331
003532
001468
001479
004154
001981
004024
005483
000607
002243
004156
003487
007266
001920
003070
000855
000961
002640
003597
004102
006267
004234
001345
003469
006334
000205
001430
002737
004077
003903
005852
000164
002013
005742
005792
001512
000121
001075
000212
004990
006441
004090
002999
003194
001022
006811
006424
003118
006412
004872
006640
002762
000897
000807
003585
001434
004071
002682
005038
003403
007123
006213
000763
006928
007230
004287
001167
003839
004126
004241
005161
004028
003618
004754
001102
006369
003923
002892
000536
000258
006753
002496
001286
002088
005302
007469
005462
004058
001802
000628
000718
007211
000389
007333
003890
002917
006033
002709
005019
005209
005509
005311
007432
001322
002798
007105
006207
002200
003249
002207
006708
001351
004029
005234
001287
006513
001407
003183
004462
002625
002945
000195
004054
005981
001793
000406
003945
000812
003992
004612
004282
002832
002228
000668
007114
004089
006099
004959
005411
005846
006721
000371
006081
005473
002163
006572
006589
006593
004369
006362
001438
004850
003684
005947
004246
003868
003173
001402
001072
005656
003270
003305
002095
003389
002601
003713
003246
000979
007120
003329
001475
001757
004725
003763
002845
000780
004907
007385
000303
000221
006298
000486
002926
004707
003245
002990
000683
001346
007011
001786
000912
001304
001908
005333
002047
003899
002371
007319
000265
003848
006179
002482
000938
006111
002295
005626
000663
006402
006519
000589
005261
002223
005778
003568
000108
002202
006054
002080
002979
003942
003564
002654
001491
005754
002426
006063
006602
000882
006962
003912
007307
006781
003749
001388
004270
003455
006387
006319
000960
001224
003290
006912
000158
004548
002017
002503
002578
004528
000401
005073
000257
002262
006634
006752
001910
004778
003863
005213
005081
006046
005236
005546
004474
006997
003402
004380
007476
007315
005794
005466
006375
007013
002348
001722
007058
006927
000982
007260
007157
003972
002332
003629
002816
000292
004862
002307
002084
007162
002056
001524
007451
000524
000384
002041
001478
001943
004604
004342
000674
007388
002275
002724
004279
006945
001799
004178
003264
005061
005587
000724
002872
000987
000207
000007
006190
001408
002187
005491
005726
000336
002614
006145
000213
004362
007207
000011
005437
005287
004068
001708
000400
003407
001941
005008
005352
005358
002804
003342
003940
000204
004705
000518
005668
006251
004599
003472
000910
005757
004720
001716
001954
005847
003031
007143
002981
002922
006678
004922
002065
005370
000309
005083
003367
005911
002889
000612
002630
006384
006042
005055
005585
005915
004351
007440
003426
001177
002711
004145
005451
006137
003683
006959
000035
004485
005495
007083
004221
006591
005717
005914
005284
006069
004687
006704
001248
006610
006329
003212
004001
003704
001713
004852
000831
005250
005953
004498
002314
001955
002090
004100
002337
001142
000287
003805
006461
003053
005260
004041
000654
002297
004656
002974
001989
001659
000455
007001
000347
002044
000423
006335
004327
005816
003605
000903
004667
001750
005026
006202
002635
004364
004955
000181
001106
003751
002792
005705
005957
001909
003659
007099
004152
002907
001370
005992
003296
006018
004138
002194
003779
001836
002399
000858
000308
000767
005419
000647
005712
006974
000131
003561
001329
002765
000516
005782
006446
000586
007133
007061
003727
004950
002836
003131
000360
005205
007102
000803
002674
004788
004843
002121
005318
004013
001466
005496
002215
006517
005320
007341
004728
001255
004417
001881
000881
001515
000395
000469
005713
006957
007116
002076
006849
000367
001007
004325
007178
001068
007087
006855
002474
006622
003398
005614
000436
005182
007166
003500
000642
005606
001913
002483
003262
000962
004096
005388
002659
001604
006608
001109
005919
003686
007480
003603
005240
007434
006415
006314
001364
006312
001595
004692
005457
002024
005012
007325
006693
000720
003181
003632
004343
003334
006718
003541
007296
001816
005051
003427
002387
003057
003273
004568
003784
000931
000376
001227
001973
004573
000911
001858
001424
003119
000141
004141
004624
002311
005999
001069
003902
003379
005503
000161
000079
000101
004609
006775
002346
005281
003236
004098
002708
006747
003233
003116
007386
004289
002407
003609
004131
000349
001503
005952
007145
001289
003861
005363
003978
000635
002261
000228
005303
005985
004376
001936
000904
003460
002929
005685
005129
002976
003648
006820
003365
000521
005108
004743
002251
001542
006364
000091
004527
004269
006394
006326
005844
004547
004569
006361
006712
005072
006376
006453
006252
002169
003826
003870
004607
006049
005176
003621
004885
005146
005653
002899
003827
003799
001859
006716
002541
001298
002963
002008
001580
006632
001055
006922
001967
002712
003380
006443
003370
004082
006662
002972
003572
000024
003579
003790
001294
003834
006263
002778
000050
005812
004578
005244
007298
005020
002622
002395
004530
006368
001792
001043
001863
005465
006212
005200
001790
005609
000427
004144
004255
003743
000495
003804
004883
000148
004558
000999
000923
006803
000698
005997
004009
004686
004891
005060
004610
002165
004756
006204
004941
006555
003468
001452
005522
005151
005201
002796
005918
004353
005758
004704
001349
005651
003856
001209
000306
002071
002670
004871
000655
005023
002758
001178
006740
005414
003531
001317
000359
005167
003360
002293
005841
007156
005316
007160
004378
001785
002441
006786
000816
007419
006067
003696
007276
000416
003345
006581
005145
002286
006783
005834
003239
005120
000234
001152
001458
003661
004538
003489
006482
000734
000036
000833
006005
006112
005661
000943
001513
003824
006431
005798
005502
004697
001180
000154
006068
006814
006047
004945
004858
003726
001639
005342
005228
001878
003165
004859
004190
003866
001118
006719
003378
005508
000100
001918
005604
005785
004740
002416
004946
003327
005537
001244
006532
002142
002283
005383
003499
006757
005543
004133
007381
000442
002412
004243
007066
006174
001791
005110
001098
001419
001409
000890
006839
007468
000167
002730
004080
004088
002050
002639
003187
004016
000043
003041
006322
001957
001232
006862
000151
005890
003000
004801
005472
007456
006975
005920
000049
005878
006970
003801
007202
001511
003288
000190
000246
001071
005123
005229
001884
002197
006045
000932
005405
006130
005648
001145
003937
006536
007347
001293
001275
003680
003039
001514
000440
003885
001787
007199
003089
001469
002423
006380
001188
003054
001697
007462
