Car 0.0 0 -1.87 744.08 181.42 907.82 300.41 1.54 1.60 3.74 3.19 1.73 11.56 -1.58 0.81
Car 0.0 0 1.71 440.02 179.10 506.05 226.00 1.44 1.68 4.14 -4.76 1.70 25.34 1.53 0.73
Car 0.0 0 -1.75 672.64 177.63 758.30 240.50 1.52 1.63 3.94 2.72 1.62 19.51 -1.61 0.74
Car 0.0 0 -2.07 795.50 189.60 1138.89 374.25 1.48 1.60 3.77 2.86 1.66 6.75 -1.61 0.67
Car 0.0 0 -1.70 661.63 175.62 719.76 223.58 1.52 1.60 3.80 2.74 1.61 25.44 -1.59 0.43
Car 0.0 0 1.77 470.84 172.55 524.76 215.60 1.61 1.62 3.86 -4.57 1.66 29.39 1.61 0.37
Car 0.0 0 -1.68 648.20 173.67 692.09 208.54 1.49 1.64 3.92 2.70 1.57 33.60 -1.60 0.33
Car 0.0 0 1.73 494.50 171.38 539.57 207.98 1.66 1.62 3.86 -4.51 1.68 34.87 1.60 0.27
Car 0.0 0 2.13 -36.16 181.65 320.68 374.80 1.48 1.60 3.87 -4.23 1.69 6.64 1.55 0.33
Car 0.0 0 0.44 191.74 171.44 357.10 234.24 1.52 1.64 4.07 -9.29 1.52 19.62 0.01 0.20
