Car 0.0 0 -1.73 782.44 178.24 961.57 315.10 1.44 1.62 3.75 3.14 1.55 9.38 -1.38 0.80
Car 0.0 0 -1.17 358.65 163.41 426.90 209.00 2.02 1.68 3.72 -10.35 1.60 34.40 -1.46 0.44
Car 0.0 0 -1.75 716.54 168.82 773.17 201.60 1.45 1.60 3.97 6.49 1.32 35.22 -1.56 0.52
Car 0.0 0 -1.06 239.21 176.19 320.02 211.27 1.48 1.61 4.14 -15.16 1.66 33.22 -1.49 0.52
Car 0.0 0 -1.43 436.41 174.24 487.53 208.40 1.54 1.63 4.01 -7.31 1.57 35.49 -1.63 0.42
Car 0.0 0 -1.66 782.39 161.47 900.03 257.43 1.68 1.71 3.92 4.63 1.49 14.68 -1.35 0.44
Car 0.0 0 -0.02 890.65 146.72 1002.08 200.31 1.76 1.72 4.06 12.69 0.93 27.41 0.42 0.10
Car 0.0 0 -1.68 762.31 164.84 817.59 198.16 1.48 1.60 3.76 8.57 1.21 34.47 -1.43 0.22
Car 0.0 0 2.64 1005.67 122.58 1246.62 233.68 1.66 1.63 4.04 9.21 0.85 13.01 -3.02 0.12
Car 0.0 0 -1.99 869.95 164.57 992.78 235.23 1.54 1.61 3.83 8.00 1.39 18.40 -1.57 0.14
Car 0.0 0 -1.56 590.94 165.83 632.29 205.01 1.60 1.61 3.66 0.03 1.32 31.52 -1.56 0.10
