Car 0.0 0 2.01 172.81 187.32 312.58 259.98 1.52 1.63 4.03 -8.82 1.93 17.60 1.54 0.71
Car 0.0 0 1.88 285.96 188.65 370.66 238.36 1.47 1.67 4.27 -9.48 2.10 24.47 1.51 0.58
Car 0.0 0 2.08 22.11 195.12 233.24 298.52 1.44 1.55 3.62 -8.06 1.86 12.33 1.49 0.67
Car 0.0 0 1.71 464.76 181.36 513.91 217.17 1.46 1.60 3.76 -5.35 1.81 32.11 1.55 0.60
Car 0.0 0 1.94 344.84 184.96 422.01 224.51 1.54 1.63 3.97 -9.54 2.12 30.61 1.63 0.36
Car 0.0 0 2.74 903.00 142.41 1073.34 212.29 1.73 1.61 4.17 10.17 0.90 19.94 -3.06 0.34
Car 0.0 0 -1.57 656.97 172.45 689.36 199.39 1.46 1.59 3.72 3.76 1.42 42.88 -1.49 0.23
Car 0.0 0 2.62 1025.91 144.28 1165.59 189.43 1.60 1.69 4.51 18.03 0.55 27.04 -3.07 0.18
Car 0.0 0 2.63 1021.30 144.50 1197.00 198.63 1.60 1.69 4.58 15.63 0.70 22.89 -3.05 0.18
Car 0.0 0 2.63 1029.76 141.08 1225.98 202.09 1.64 1.72 4.70 15.08 0.74 21.26 -3.03 0.11
Car 0.0 0 2.71 933.65 143.08 1119.56 216.74 1.70 1.66 4.22 10.64 0.95 18.55 -3.05 0.13
