Car 0.0 0 -0.97 167.85 181.05 265.44 221.38 1.52 1.64 4.14 -16.21 1.93 29.86 -1.47 0.59
Car 0.0 0 -0.99 58.84 183.33 149.16 220.91 1.53 1.64 3.87 -22.52 2.07 32.19 -1.60 0.39
Car 0.0 0 -1.15 305.33 165.59 386.28 216.37 2.02 1.69 3.87 -11.16 1.75 30.50 -1.51 0.44
Car 0.0 0 -1.84 709.82 171.14 772.13 207.38 1.44 1.58 3.80 5.64 1.43 31.66 -1.66 0.53
Car 0.0 0 -1.42 393.58 177.65 453.17 217.50 1.55 1.65 4.05 -8.02 1.81 31.06 -1.68 0.51
Car 0.0 0 -1.04 62.03 172.13 157.21 216.11 1.91 1.75 4.11 -23.33 1.96 33.64 -1.64 0.15
Car 0.0 0 -1.71 766.07 166.60 824.67 205.57 1.57 1.68 4.09 8.19 1.33 32.14 -1.46 0.33
Car 0.0 0 -1.65 824.41 151.58 991.46 299.50 1.77 1.71 3.96 4.32 1.47 10.50 -1.26 0.30
Car 0.0 0 -1.49 569.29 168.18 618.98 212.74 1.61 1.62 3.92 -0.62 1.43 28.06 -1.52 0.21
Car 0.0 0 -1.49 503.32 170.94 539.07 199.76 1.55 1.64 3.89 -5.20 1.48 42.35 -1.61 0.10
Car 0.0 0 -2.02 839.59 171.32 1218.44 384.52 1.44 1.55 3.73 2.84 1.56 5.71 -1.49 0.17
