Car 0.0 0 -1.10 237.44 169.03 334.83 229.10 1.98 1.68 4.01 -11.64 1.90 26.08 -1.52 0.52
Car 0.0 0 -0.96 73.36 186.59 198.47 235.33 1.54 1.68 4.06 -16.91 2.08 25.98 -1.54 0.62
Car 0.0 0 -1.84 702.95 172.92 772.47 214.06 1.45 1.55 3.84 4.84 1.49 28.22 -1.66 0.58
Car 0.0 0 -1.59 906.60 149.60 1154.27 349.69 1.69 1.75 3.77 4.08 1.48 7.67 -1.06 0.66
Car 0.0 0 -1.41 340.52 182.47 411.11 228.29 1.53 1.64 4.21 -8.64 1.92 26.73 -1.72 0.53
Car 0.0 0 -1.69 758.91 167.32 831.94 212.83 1.55 1.61 3.84 7.01 1.40 27.63 -1.44 0.50
Car 0.0 0 -1.49 471.16 173.64 510.54 205.31 1.54 1.63 3.89 -6.25 1.62 37.70 -1.65 0.30
Car 0.0 0 -2.03 875.20 142.30 1015.60 216.25 1.96 1.79 4.26 9.68 1.13 20.74 -1.60 0.18
Car 0.0 0 0.93 1127.58 141.92 1261.88 200.10 1.81 1.71 4.26 19.97 0.81 24.77 1.61 0.13
Car 0.0 0 -1.56 546.05 172.14 597.73 224.71 1.58 1.59 3.91 -1.38 1.60 25.06 -1.62 0.19
