Car 0.0 0 1.91 271.05 183.64 374.86 237.76 1.43 1.65 4.03 -8.39 1.77 21.28 1.54 0.59
Car 0.0 0 1.79 336.11 179.74 405.78 224.96 1.47 1.63 3.95 -8.66 1.77 26.42 1.47 0.58
Car 0.0 0 2.72 991.43 140.81 1091.64 182.32 1.83 1.75 4.42 20.28 0.45 33.93 -3.02 0.21
Car 0.0 0 1.98 255.27 181.66 340.71 223.72 1.49 1.63 3.90 -11.91 1.83 27.71 1.58 0.33
Car 0.0 0 1.75 382.04 179.51 435.06 215.88 1.49 1.60 3.96 -9.11 1.86 32.66 1.48 0.48
Car 0.0 0 1.88 411.12 178.91 466.95 209.21 1.47 1.61 4.15 -8.87 1.81 37.54 1.65 0.33
Car 0.0 0 -0.52 1025.89 140.86 1257.97 218.30 1.69 1.69 4.62 12.63 0.97 17.41 0.12 0.24
Car 0.0 0 2.76 892.16 152.08 1063.12 213.22 1.65 1.68 4.57 10.79 1.10 21.59 -3.05 0.21
Car 0.0 0 -1.54 655.25 171.50 683.97 195.24 1.49 1.62 3.80 4.08 1.30 49.54 -1.46 0.10
Car 0.0 0 1.61 525.67 174.86 556.71 198.95 1.46 1.61 3.86 -4.55 1.55 47.47 1.52 0.11
