Car 0.0 0 -0.97 110.20 184.56 220.48 230.39 1.57 1.68 4.11 -16.92 2.05 27.62 -1.52 0.61
Car 0.0 0 -2.52 1118.80 143.16 1244.61 199.15 1.84 1.73 4.04 20.56 0.84 25.99 -1.85 0.28
Car 0.0 0 -1.11 265.29 169.01 354.69 227.43 2.00 1.67 3.98 -11.32 1.91 27.29 -1.51 0.53
Car 0.0 0 -1.42 361.02 180.07 429.70 224.28 1.54 1.64 4.08 -8.38 1.89 28.22 -1.70 0.55
Car 0.0 0 -1.89 705.99 171.26 774.95 211.46 1.46 1.59 3.87 5.19 1.43 29.30 -1.71 0.58
Car 0.0 0 -2.38 -5.18 189.52 95.46 227.74 1.53 1.70 4.12 -24.24 2.32 30.88 -3.04 0.25
Car 0.0 0 -1.13 861.19 151.56 1027.03 222.47 1.83 1.76 4.23 9.54 1.30 20.90 -0.70 0.24
Car 0.0 0 -1.69 760.56 168.39 830.45 210.50 1.55 1.65 3.97 7.56 1.42 29.62 -1.44 0.38
Car 0.0 0 -1.51 484.38 171.52 520.25 203.66 1.64 1.67 4.00 -5.98 1.54 40.01 -1.66 0.21
Car 0.0 0 -1.53 553.31 170.69 604.93 218.21 1.59 1.60 3.84 -1.13 1.52 26.13 -1.57 0.30
Car 0.0 0 -1.59 889.01 159.59 1141.96 321.15 1.59 1.67 3.74 4.88 1.43 8.81 -1.08 0.28
