Car 0.0 0 -1.74 796.48 175.69 1013.57 343.52 1.45 1.62 3.77 3.02 1.53 8.12 -1.35 0.84
Car 0.0 0 -1.19 340.89 162.53 413.48 211.44 2.04 1.70 3.79 -10.51 1.62 32.58 -1.50 0.44
Car 0.0 0 -1.01 217.54 176.53 306.61 213.96 1.50 1.63 4.11 -15.42 1.69 32.21 -1.46 0.55
Car 0.0 0 -1.02 118.69 176.21 200.94 212.60 1.58 1.63 3.77 -21.14 1.82 33.86 -1.58 0.25
Car 0.0 0 -1.78 714.44 169.54 770.46 202.20 1.44 1.58 3.93 6.17 1.29 34.46 -1.60 0.52
Car 0.0 0 -1.40 422.30 174.77 476.44 211.52 1.54 1.62 3.99 -7.43 1.70 33.53 -1.62 0.45
Car 0.0 0 -2.04 913.10 145.28 1013.45 195.87 1.85 1.75 4.05 14.31 0.83 29.22 -1.58 0.12
Car 0.0 0 -1.69 757.28 165.45 816.95 200.99 1.52 1.59 3.87 8.24 1.20 33.82 -1.45 0.31
Car 0.0 0 -1.99 895.76 166.14 1016.29 251.98 1.49 1.56 3.67 7.09 1.41 15.03 -1.54 0.29
Car 0.0 0 -1.64 799.19 158.92 904.22 260.13 1.75 1.73 3.77 4.75 1.51 14.32 -1.31 0.32
Car 0.0 0 -1.47 520.70 168.20 554.22 194.66 1.51 1.63 3.90 -4.46 1.27 44.68 -1.57 0.11
Car 0.0 0 -1.57 581.45 161.89 627.50 203.88 1.75 1.69 3.72 -0.30 1.26 31.09 -1.58 0.12
