Car 0.0 0 -1.98 907.68 172.90 1071.19 254.32 1.45 1.60 3.94 8.12 1.52 15.92 -1.50 0.78
Car 0.0 0 -1.15 299.50 188.18 456.10 265.12 1.44 1.62 4.19 -4.94 1.81 16.03 -1.46 0.74
Car 0.0 0 -1.01 152.82 171.64 351.59 272.83 1.84 1.65 4.31 -7.69 1.86 15.65 -1.47 0.65
Car 0.0 0 -1.39 542.74 173.24 611.63 225.64 1.77 1.73 4.43 -1.17 1.81 27.44 -1.43 0.49
Car 0.0 0 -2.06 1011.90 163.80 1186.03 253.79 1.62 1.61 4.02 10.32 1.50 15.50 -1.47 0.63
Car 0.0 0 -1.44 1134.28 167.48 1251.79 242.39 1.49 1.64 3.89 13.53 1.42 16.27 -0.76 0.29
Car 0.0 0 -1.65 767.45 151.42 820.46 197.56 2.01 1.76 3.93 8.71 1.09 34.33 -1.40 0.18
Car 0.0 0 -0.98 7.13 188.57 174.65 278.59 1.65 1.69 4.40 -11.95 2.04 15.73 -1.60 0.24
Car 0.0 0 -1.69 715.02 165.96 764.41 205.42 1.63 1.67 3.92 5.73 1.38 32.21 -1.51 0.13
Car 0.0 0 -2.06 622.00 153.49 746.90 280.10 1.79 1.64 3.97 1.25 1.54 13.30 -1.96 0.12
Car 0.0 0 -1.54 619.42 151.26 736.74 260.53 1.84 1.65 3.71 1.21 1.49 14.31 -1.45 0.11
