Car 0.0 0 1.21 775.80 183.48 1087.47 380.02 1.55 1.63 3.91 2.80 1.69 7.24 1.63 0.81
Car 0.0 0 -1.70 661.65 180.41 738.01 243.60 1.59 1.63 3.68 2.41 1.82 20.63 -1.58 0.75
Car 0.0 0 1.68 475.92 187.97 546.22 244.93 1.49 1.63 3.71 -2.90 1.96 21.36 1.54 0.68
Car 0.0 0 1.63 542.50 183.31 575.61 210.78 1.59 1.62 3.84 -3.12 2.28 44.59 1.56 0.35
Car 0.0 0 -1.66 643.65 177.70 697.33 225.68 1.73 1.64 4.01 2.28 1.95 28.09 -1.58 0.38
Pedestrian 0.0 0 -1.69 780.56 189.22 799.05 244.97 1.52 0.55 0.70 4.95 1.99 20.06 -1.45 0.31
Car 0.0 0 -1.66 632.15 176.74 668.85 210.36 1.79 1.68 4.14 2.24 2.05 41.01 -1.60 0.18
Car 0.0 0 2.12 -23.32 194.88 411.57 388.75 1.44 1.61 3.78 -3.05 1.79 5.93 1.60 0.18
Car 0.0 0 2.09 5.72 192.91 441.57 383.03 1.44 1.62 3.83 -2.85 1.78 6.06 1.60 0.18
Car 0.0 0 2.10 -13.85 195.04 438.59 386.90 1.44 1.62 3.86 -2.88 1.80 5.99 1.60 0.17
Car 0.0 0 2.11 -25.12 194.83 430.10 388.40 1.44 1.62 3.85 -2.93 1.79 5.96 1.59 0.16
